Shader: 17504616539540010642
Properties:
  - Name: u_InstanceData.Color
    Type: 7
    Value: [0.939999998, 0.899999976, 0.870000005, 1]
  - Name: u_InstanceData.Roughness
    Type: 4
    Value: 0.200000003
  - Name: u_ShadowMap
    Type: 8
    Value: 0
  - Name: u_Texture
    Type: 8
    Value: 2080111666818199829