Shader: 586196719532265385
Parameters:
  - Name: u_InstanceData.Color
    Type: 7
    Value: [0.400000006, 0.899999976, 0.100000001, 1]
  - Name: u_InstanceData.Roughness
    Type: 4
    Value: 0.699999988