Shader: 8952698402060583352
Parameters:
  - Name: Consts.Color
    Type: 7
    Value: [0.800000012, 0.800000012, -0.300000012, 1]