Shader: 8952698402060583352
Properties:
  - Name: Consts.Color
    Type: 7
    Value: [0.800000012, 0.800000012, 0, 1]